# This file may be used to create an environment using:
# $ conda create --name <env> --file <this file>
# platform: win-64
blinker=1.8.2=pyhd8ed1ab_0
brotli-python=1.1.0=py312h53d5487_1
bzip2=1.0.8=hcfcfb64_5
ca-certificates=2024.2.2=h56e8100_0
certifi=2024.2.2=pyhd8ed1ab_0
charset-normalizer=3.3.2=pyhd8ed1ab_0
click=8.1.7=win_pyh7428d3b_0
colorama=0.4.6=pyhd8ed1ab_0
flask=3.0.3=pyhd8ed1ab_0
flask-qrcode=3.1.0=pypi_0
freetype=2.12.1=hdaf720e_2
idna=3.7=pyhd8ed1ab_0
importlib-metadata=7.1.0=pyha770c72_0
itsdangerous=2.2.0=pyhd8ed1ab_0
jinja2=3.1.4=pyhd8ed1ab_0
lcms2=2.16=h67d730c_0
lerc=4.0.0=h63175ca_0
libdeflate=1.20=hcfcfb64_0
libexpat=2.6.2=h63175ca_0
libffi=3.4.2=h8ffe710_5
libjpeg-turbo=3.0.0=hcfcfb64_1
libpng=1.6.43=h19919ed_0
libsqlite=3.45.3=hcfcfb64_0
libtiff=4.6.0=hddb2be6_3
libwebp-base=1.4.0=hcfcfb64_0
libxcb=1.15=hcd874cb_0
libzlib=1.2.13=hcfcfb64_5
m2w64-gcc-libgfortran=5.3.0=6
m2w64-gcc-libs=5.3.0=7
m2w64-gcc-libs-core=5.3.0=7
m2w64-gmp=6.1.0=2
m2w64-libwinpthread-git=5.0.0.4634.697f757=2
markupsafe=2.1.5=py312he70551f_0
msys2-conda-epoch=20160418=1
openjpeg=2.5.2=h3d672ee_0
openssl=3.3.0=hcfcfb64_0
pillow=10.3.0=py312h6f6a607_0
pip=24.0=pyhd8ed1ab_0
pthread-stubs=0.4=hcd874cb_1001
pycryptodome=3.20.0=py312he70551f_0
pypng=0.20220715.0=pyhd8ed1ab_0
pysocks=1.7.1=pyh0701188_6
python=3.12.3=h2628c8c_0_cpython
python_abi=3.12=4_cp312
qrcode=7.4.2=pyhd8ed1ab_0
requests=2.31.0=pyhd8ed1ab_0
setuptools=69.5.1=pyhd8ed1ab_0
tk=8.6.13=h5226925_1
typing-extensions=4.11.0=hd8ed1ab_0
typing_extensions=4.11.0=pyha770c72_0
tzdata=2024a=h0c530f3_0
ucrt=10.0.22621.0=h57928b3_0
urllib3=2.2.1=pyhd8ed1ab_0
vc=14.3=hcf57466_18
vc14_runtime=14.38.33130=h82b7239_18
vs2015_runtime=14.38.33130=hcb4865c_18
werkzeug=3.0.3=pyhd8ed1ab_0
wheel=0.43.0=pyhd8ed1ab_1
win_inet_pton=1.1.0=pyhd8ed1ab_6
xorg-libxau=1.0.11=hcd874cb_0
xorg-libxdmcp=1.1.3=hcd874cb_0
xz=5.2.6=h8d14728_0
zipp=3.17.0=pyhd8ed1ab_0
zstd=1.5.6=h0ea2cb4_0
